
***** GLOBAL STATISTICS (     1 MPI TASKS) *****

$Id: gptl.c,v 1.157 2011-03-28 20:55:18 rosinski Exp $
'count' is cumulative. All other stats are max/min
name                      processes  threads        count      walltotal   wallmax (proc   thrd  )   wallmin (proc   thrd  )
DRIVER_INIT                       1        1 1.000000e+00   2.540095e+01    25.401 (     0      0)    25.401 (     0      0)
driver_init_comps                 1        1 1.000000e+00   8.221850e-01     0.822 (     0      0)     0.822 (     0      0)
phys_grid_init                    1        1 1.000000e+00   7.389000e-03     0.007 (     0      0)     0.007 (     0      0)
driver_init_xxx2xxx               1        1 1.000000e+00   3.460400e-02     0.035 (     0      0)     0.035 (     0      0)
driver_init_maps                  1        1 1.000000e+00   9.190000e-04     0.001 (     0      0)     0.001 (     0      0)
driver_init_atminit               1        1 1.000000e+00   2.450210e+01    24.502 (     0      0)    24.502 (     0      0)
driver_init_readrestart           1        1 1.000000e+00   2.400000e-05     0.000 (     0      0)     0.000 (     0      0)
DRIVER_RUN_LOOP_BSTART            1        1 1.000000e+00   1.000000e-06     0.000 (     0      0)     0.000 (     0      0)
DRIVER_RUN_LOOP                   1        1 9.600000e+01   6.123672e+02   612.367 (     0      0)   612.367 (     0      0)
DRIVER_CPL_RUN                    1        1 9.600000e+02   1.704293e+00     1.704 (     0      0)     1.704 (     0      0)
DRIVER_CLOCK_ADVANCE              1        1 9.600000e+01   9.632000e-03     0.010 (     0      0)     0.010 (     0      0)
DRIVER_OCNPREP                    1        1 9.600000e+01   1.830810e-01     0.183 (     0      0)     0.183 (     0      0)
driver_ocnprep_atm2ocn            1        1 9.600000e+01   1.828990e-01     0.183 (     0      0)     0.183 (     0      0)
DRIVER_ATMOCNP                    1        1 9.600000e+01   6.970890e-01     0.697 (     0      0)     0.697 (     0      0)
driver_atmocnp_fluxo              1        1 9.600000e+01   6.968800e-01     0.697 (     0      0)     0.697 (     0      0)
DRIVER_FRACSET                    1        1 9.600000e+01   1.210000e-04     0.000 (     0      0)     0.000 (     0      0)
driver_fracset_fracset            1        1 9.600000e+01   3.300000e-05     0.000 (     0      0)     0.000 (     0      0)
DRIVER_ATMPREP                    1        1 9.600000e+01   7.737980e-01     0.774 (     0      0)     0.774 (     0      0)
driver_atmprep_ocn2atmf           1        1 9.600000e+01   5.219700e-02     0.052 (     0      0)     0.052 (     0      0)
driver_atmprep_ocn2atm1           1        1 9.600000e+01   2.063800e-02     0.021 (     0      0)     0.021 (     0      0)
driver_atmprep_ocn2atm2           1        1 9.600000e+01   1.648800e-02     0.016 (     0      0)     0.016 (     0      0)
driver_atmprep_ocn2atmb           1        1 9.600000e+01   2.615700e-02     0.026 (     0      0)     0.026 (     0      0)
driver_atmprep_mrgx2a             1        1 9.600000e+01   6.575970e-01     0.658 (     0      0)     0.658 (     0      0)
DRIVER_CPL_COMM                   1        1 2.870000e+02   1.097039e+00     1.097 (     0      0)     1.097 (     0      0)
DRIVER_C2A                        1        1 9.600000e+01   5.632800e-01     0.563 (     0      0)     0.563 (     0      0)
driver_c2a_atmx2atma              1        1 9.600000e+01   5.625670e-01     0.563 (     0      0)     0.563 (     0      0)
driver_c2a_infoexch               1        1 9.600000e+01   3.830000e-04     0.000 (     0      0)     0.000 (     0      0)
DRIVER_ATM_RUN                    1        1 9.600000e+01   6.095418e+02   609.542 (     0      0)   609.542 (     0      0)
CAM_import                        1        1 9.600000e+01   5.661300e-02     0.057 (     0      0)     0.057 (     0      0)
CAM_run2                          1        1 9.700000e+01   2.065473e+01    20.655 (     0      0)    20.655 (     0      0)
phys_run2                         1        1 9.700000e+01   1.556407e+01    15.564 (     0      0)    15.564 (     0      0)
lightning_no_prod                 1        1 9.700000e+01   4.990000e-04     0.000 (     0      0)     0.000 (     0      0)
ac_physics                        1        1 9.700000e+01   1.556294e+01    15.563 (     0      0)    15.563 (     0      0)
diag_surf                         1        1 8.380800e+04   2.262450e-01     0.226 (     0      0)     0.226 (     0      0)
tphysac_init                      1        1 8.380800e+04   1.882100e-01     0.188 (     0      0)     0.188 (     0      0)
adv_tracer_src_snk                1        1 8.380800e+04   5.541600e-02     0.055 (     0      0)     0.055 (     0      0)
vertical_diffusion_tend           1        1 8.380800e+04   8.274629e+00     8.275 (     0      0)     8.275 (     0      0)
rayleigh_friction                 1        1 8.380800e+04   7.106850e-01     0.711 (     0      0)     0.711 (     0      0)
aero_drydep                       1        1 8.380800e+04   1.988280e-01     0.199 (     0      0)     0.199 (     0      0)
carma_timestep_tend               1        1 1.676160e+05   3.296660e-01     0.330 (     0      0)     0.330 (     0      0)
gw_intr                           1        1 8.380800e+04   3.338301e+00     3.338 (     0      0)     3.338 (     0      0)
carma_accumulate_stats            1        1 9.700000e+01   1.300000e-05     0.000 (     0      0)     0.000 (     0      0)
physpkg_st2                       1        1 9.700000e+01   2.420000e-04     0.000 (     0      0)     0.000 (     0      0)
stepon_run2                       1        1 9.700000e+01   5.090361e+00     5.090 (     0      0)     5.090 (     0      0)
p_d_coupling                      1        1 9.700000e+01   5.090140e+00     5.090 (     0      0)     5.090 (     0      0)
uv3s_update                       1        1 9.700000e+01   4.787030e-01     0.479 (     0      0)     0.479 (     0      0)
p_d_adjust                        1        1 9.700000e+01   3.145302e+00     3.145 (     0      0)     3.145 (     0      0)
pdadj_reprosum                    1        1 1.940000e+02   8.239200e-02     0.082 (     0      0)     0.082 (     0      0)
shr_reprosum_int                  1        1 9.130000e+02   3.035950e-01     0.304 (     0      0)     0.304 (     0      0)
repro_sum_loopa                   1        1 9.130000e+02   5.121500e-02     0.051 (     0      0)     0.051 (     0      0)
repro_sum_allr_minmax             1        1 9.130000e+02   1.495000e-03     0.001 (     0      0)     0.001 (     0      0)
repro_sum_loopb                   1        1 9.130000e+02   2.402540e-01     0.240 (     0      0)     0.240 (     0      0)
repro_sum_allr_i8                 1        1 9.130000e+02   3.850000e-04     0.000 (     0      0)     0.000 (     0      0)
cam_run2_memusage                 1        1 1.000000e+00   0.000000e+00     0.000 (     0      0)     0.000 (     0      0)
CAM_run3                          1        1 9.700000e+01   8.622700e-02     0.086 (     0      0)     0.086 (     0      0)
stepon_run3                       1        1 9.700000e+01   8.604900e-02     0.086 (     0      0)     0.086 (     0      0)
cam_run3_memusage                 1        1 1.000000e+00   0.000000e+00     0.000 (     0      0)     0.000 (     0      0)
CAM_run4                          1        1 9.700000e+01   1.143116e+00     1.143 (     0      0)     1.143 (     0      0)
wshist                            1        1 9.700000e+01   8.363770e-01     0.836 (     0      0)     0.836 (     0      0)
dump_field                        1        1 9.700000e+01   7.076520e-01     0.708 (     0      0)     0.708 (     0      0)
get_decomp                        1        1 1.940000e+02   3.130000e-04     0.000 (     0      0)     0.000 (     0      0)
get_phys_decomp                   1        1 2.210000e+02   6.794200e-02     0.068 (     0      0)     0.068 (     0      0)
h_zero                            1        1 1.940000e+02   1.054060e-01     0.105 (     0      0)     0.105 (     0      0)
cam_run4_wrapup                   1        1 9.700000e+01   3.810000e-04     0.000 (     0      0)     0.000 (     0      0)
cam_run4_flush                    1        1 9.700000e+01   1.950000e-04     0.000 (     0      0)     0.000 (     0      0)
CAM_adv_timestep                  1        1 9.700000e+01   8.600000e-05     0.000 (     0      0)     0.000 (     0      0)
CAM_run1                          1        1 9.700000e+01   5.872740e+02   587.274 (     0      0)   587.274 (     0      0)
stepon_run1                       1        1 9.700000e+01   1.214187e+02   121.419 (     0      0)   121.419 (     0      0)
diag_dynvar_ic                    1        1 9.700000e+01   2.790000e-04     0.000 (     0      0)     0.000 (     0      0)
comp_adv_tends1                   1        1 9.700000e+01   3.388740e-01     0.339 (     0      0)     0.339 (     0      0)
dyn_run                           1        1 9.700000e+01   1.146048e+02   114.605 (     0      0)   114.605 (     0      0)
dyn_run_alloc                     1        1 9.700000e+01   2.511720e-01     0.251 (     0      0)     0.251 (     0      0)
xy_to_yz                          1        1 9.700000e+01   1.026038e+00     1.026 (     0      0)     1.026 (     0      0)
small_ts_init                     1        1 9.700000e+01   2.312620e-01     0.231 (     0      0)     0.231 (     0      0)
cd_core                           1        1 3.880000e+02   7.595536e+01    75.955 (     0      0)    75.955 (     0      0)
---PRE_C_CORE                     1        1 3.880000e+02   1.428691e+00     1.429 (     0      0)     1.429 (     0      0)
---PRE_C_CORE_COMM                1        1 7.760000e+02   4.200000e-04     0.000 (     0      0)     0.000 (     0      0)
---C_DELP_LOOP                    1        1 9.700000e+01   3.210900e-01     0.321 (     0      0)     0.321 (     0      0)
---C_CORE                         1        1 3.880000e+02   1.213541e+01    12.135 (     0      0)    12.135 (     0      0)
---C_GEOP                         1        1 3.880000e+02   1.059013e+01    10.590 (     0      0)    10.590 (     0      0)
---PRE_D_CORE                     1        1 3.880000e+02   3.518271e+00     3.518 (     0      0)     3.518 (     0      0)
---PRE_D_CORE_COMM                1        1 1.164000e+03   2.241000e-03     0.002 (     0      0)     0.002 (     0      0)
---C_U_LOOP                       1        1 3.880000e+02   1.802773e+00     1.803 (     0      0)     1.803 (     0      0)
---C_V_PGRAD                      1        1 3.880000e+02   1.711352e+00     1.711 (     0      0)     1.711 (     0      0)
---D_CORE                         1        1 3.880000e+02   3.179579e+01    31.796 (     0      0)    31.796 (     0      0)
---D_GEOP                         1        1 3.880000e+02   1.056295e+01    10.563 (     0      0)    10.563 (     0      0)
---PRE_D_PGRAD                    1        1 3.880000e+02   1.405189e+00     1.405 (     0      0)     1.405 (     0      0)
---PRE_D_PGRAD_COMM_1             1        1 7.760000e+02   1.386000e-03     0.001 (     0      0)     0.001 (     0      0)
---D_DELP_LOOP                    1        1 2.910000e+02   9.356530e-01     0.936 (     0      0)     0.936 (     0      0)
---D_PGRAD_1                      1        1 3.880000e+02   1.115782e+00     1.116 (     0      0)     1.116 (     0      0)
---D_PGRAD_2                      1        1 3.880000e+02   3.391566e+00     3.392 (     0      0)     3.392 (     0      0)
---PRE_D_PGRAD_COMM_2             1        1 2.910000e+02   4.250000e-04     0.000 (     0      0)     0.000 (     0      0)
vdot_gradp                        1        1 9.700000e+01   2.176090e-01     0.218 (     0      0)     0.218 (     0      0)
trac2d                            1        1 9.700000e+01   8.712656e+00     8.713 (     0      0)     8.713 (     0      0)
---TRAC2D_COMM                    1        1 2.910000e+02   7.000000e-04     0.001 (     0      0)     0.001 (     0      0)
---TRAC2D_TRACER                  1        1 9.700000e+01   8.312571e+00     8.313 (     0      0)     8.313 (     0      0)
---TRAC2D_TRACER_COMM             1        1 3.880000e+02   1.492280e-01     0.149 (     0      0)     0.149 (     0      0)
yz_to_xy_psuv                     1        1 9.700000e+01   1.441290e-01     0.144 (     0      0)     0.144 (     0      0)
yz_to_xy_q                        1        1 9.700000e+01   2.203610e-01     0.220 (     0      0)     0.220 (     0      0)
te_map                            1        1 9.700000e+01   2.698343e+01    26.983 (     0      0)    26.983 (     0      0)
xsum_reprosum                     1        1 3.880000e+02   3.898500e-02     0.039 (     0      0)     0.039 (     0      0)
dyn_run_dealloc                   1        1 9.700000e+01   1.636680e-01     0.164 (     0      0)     0.164 (     0      0)
comp_adv_tends2                   1        1 9.700000e+01   2.885840e-01     0.289 (     0      0)     0.289 (     0      0)
d_p_coupling                      1        1 9.700000e+01   6.185496e+00     6.185 (     0      0)     6.185 (     0      0)
d2a3dikj                          1        1 9.700000e+01   1.513800e-01     0.151 (     0      0)     0.151 (     0      0)
d2a3dikj_reprosum                 1        1 1.940000e+02   3.838100e-02     0.038 (     0      0)     0.038 (     0      0)
derived_fields                    1        1 9.700000e+01   3.356450e+00     3.356 (     0      0)     3.356 (     0      0)
phys_run1                         1        1 9.700000e+01   4.658551e+02   465.855 (     0      0)   465.855 (     0      0)
physpkg_st1                       1        1 1.940000e+02   1.659845e+01    16.598 (     0      0)    16.598 (     0      0)
chk_en_gmean                      1        1 9.700000e+01   1.750760e-01     0.175 (     0      0)     0.175 (     0      0)
gmean_fixed_repro                 1        1 1.130000e+02   1.445760e-01     0.145 (     0      0)     0.145 (     0      0)
advance_trcdata                   1        1 1.940000e+02   1.113002e+01    11.130 (     0      0)    11.130 (     0      0)
interpolate_trcdata               1        1 1.940000e+02   1.112741e+01    11.127 (     0      0)    11.127 (     0      0)
bc_physics                        1        1 9.700000e+01   4.492562e+02   449.256 (     0      0)   449.256 (     0      0)
diag_physvar_ic                   1        1 8.380800e+04   1.100280e-01     0.110 (     0      0)     0.110 (     0      0)
bc_init                           1        1 8.380800e+04   8.487360e-01     0.849 (     0      0)     0.849 (     0      0)
energy_fixer                      1        1 8.380800e+04   1.770683e+00     1.771 (     0      0)     1.771 (     0      0)
dry_adjustment                    1        1 8.380800e+04   9.811520e-01     0.981 (     0      0)     0.981 (     0      0)
moist_convection                  1        1 8.380800e+04   1.897472e+02   189.747 (     0      0)   189.747 (     0      0)
convect_deep_tend                 1        1 8.380800e+04   1.759513e+02   175.951 (     0      0)   175.951 (     0      0)
zm_convr                          1        1 8.380800e+04   1.647041e+02   164.704 (     0      0)   164.704 (     0      0)
zm_conv_evap                      1        1 8.380800e+04   2.059993e+00     2.060 (     0      0)     2.060 (     0      0)
momtran                           1        1 8.380800e+04   1.458536e+00     1.459 (     0      0)     1.459 (     0      0)
convtran1                         1        1 8.380800e+04   1.934337e+00     1.934 (     0      0)     1.934 (     0      0)
convect_shallow_tend              1        1 8.380800e+04   1.091459e+01    10.915 (     0      0)    10.915 (     0      0)
stratiform_tend                   1        1 8.380800e+04   4.867156e+01    48.672 (     0      0)    48.672 (     0      0)
stratiform_sediment               1        1 8.380800e+04   1.114507e+01    11.145 (     0      0)    11.145 (     0      0)
cldfrc                            1        1 1.676160e+05   1.084800e+01    10.848 (     0      0)    10.848 (     0      0)
stratiform_microphys              1        1 8.380800e+04   2.600822e+01    26.008 (     0      0)    26.008 (     0      0)
pcond                             1        1 8.380800e+04   1.811826e+01    18.118 (     0      0)    18.118 (     0      0)
bc_aerosols                       1        1 8.380800e+04   1.866184e+00     1.866 (     0      0)     1.866 (     0      0)
convect_deep_tend2                1        1 8.380800e+04   1.518030e-01     0.152 (     0      0)     0.152 (     0      0)
bc_history_write                  1        1 8.380800e+04   2.649848e+00     2.650 (     0      0)     2.650 (     0      0)
bc_cld_diag_history_write         1        1 8.380800e+04   1.506426e+00     1.506 (     0      0)     1.506 (     0      0)
radiation                         1        1 8.380800e+04   1.850862e+02   185.086 (     0      0)   185.086 (     0      0)
tropopause                        1        1 8.380800e+04   1.427629e+01    14.276 (     0      0)    14.276 (     0      0)
cam_export                        1        1 8.380800e+04   5.359870e-01     0.536 (     0      0)     0.536 (     0      0)
diag_export                       1        1 8.380800e+04   2.202280e-01     0.220 (     0      0)     0.220 (     0      0)
CAM_export                        1        1 9.700000e+01   1.093390e-01     0.109 (     0      0)     0.109 (     0      0)
DRIVER_A2C                        1        1 9.600000e+01   4.503870e-01     0.450 (     0      0)     0.450 (     0      0)
driver_a2c_atma2atmx              1        1 9.600000e+01   4.495050e-01     0.450 (     0      0)     0.450 (     0      0)
driver_a2c_infoexch               1        1 9.600000e+01   4.790000e-04     0.000 (     0      0)     0.000 (     0      0)
DRIVER_ATMPOST                    1        1 9.600000e+01   1.800000e-05     0.000 (     0      0)     0.000 (     0      0)
DRIVER_HISTORY                    1        1 9.600000e+01   2.300000e-05     0.000 (     0      0)     0.000 (     0      0)
DRIVER_TSTAMP_WRITE               1        1 9.600000e+01   2.200000e-04     0.000 (     0      0)     0.000 (     0      0)
DRIVER_TPROF_WRITE                1        1 9.600000e+01   1.800000e-05     0.000 (     0      0)     0.000 (     0      0)
DRIVER_C2O_INITWAIT               1        1 1.000000e+00   1.000000e-06     0.000 (     0      0)     0.000 (     0      0)
DRIVER_OCN_RUN                    1        1 9.500000e+01   2.245200e-02     0.022 (     0      0)     0.022 (     0      0)
ocn_run                           1        1 9.500000e+01   4.245000e-03     0.004 (     0      0)     0.004 (     0      0)
ocn_export                        1        1 9.500000e+01   1.111900e-02     0.011 (     0      0)     0.011 (     0      0)
DRIVER_O2CT                       1        1 9.500000e+01   8.315800e-02     0.083 (     0      0)     0.083 (     0      0)
driver_o2ct_ocno2ocnx             1        1 9.500000e+01   8.261500e-02     0.083 (     0      0)     0.083 (     0      0)
driver_o2ct_infoexch              1        1 9.500000e+01   3.120000e-04     0.000 (     0      0)     0.000 (     0      0)
DRIVER_OCNPOSTT                   1        1 9.500000e+01   1.300000e-05     0.000 (     0      0)     0.000 (     0      0)
rad_sw                            1        1 4.147200e+04   8.581741e+01    85.817 (     0      0)    85.817 (     0      0)
aero_optics_sw                    1        1 4.147200e+04   4.015174e+01    40.152 (     0      0)    40.152 (     0      0)
rad_lw                            1        1 4.147200e+04   9.145621e+01    91.456 (     0      0)    91.456 (     0      0)
aero_optics_lw                    1        1 4.147200e+04   1.785530e-01     0.179 (     0      0)     0.179 (     0      0)
fv_out                            1        1 8.000000e+00   8.587400e-02     0.086 (     0      0)     0.086 (     0      0)
gmeanxy_reprosum                  1        1 1.600000e+01   7.943000e-03     0.008 (     0      0)     0.008 (     0      0)
fv_out_reprosum                   1        1 8.000000e+00   3.521000e-03     0.004 (     0      0)     0.004 (     0      0)
cam_write_restart                 1        1 1.000000e+00   3.057730e-01     0.306 (     0      0)     0.306 (     0      0)
DRIVER_RESTART                    1        1 1.000000e+00   3.956900e-02     0.040 (     0      0)     0.040 (     0      0)
DRIVER_RUN_LOOP_BSTOP             1        1 1.000000e+00   1.000000e-06     0.000 (     0      0)     0.000 (     0      0)
DRIVER_FINAL                      1        1 1.000000e+00   2.062900e-02     0.021 (     0      0)     0.021 (     0      0)
t_prf                             0        0 0.000000e+00   0.000000e+00     0.000 (     0      0)     0.000 (     0      0)

