 file 1=f19c4aqpgro_cam53_ys_intel.nc
 file 2=h0.nc
 CASE 1 : f1.9c4aqpP16T2_intel_2dctrl
 CASE 2 : cam5.0_port
#f1.9c4aqpP16T2_intel_2dctrl
#cam5.0_port
#T
1 5.4401E-14
2 3.3471E-13
3 6.5237E-13
4 9.5059E-13
5 1.2560E-12
6 1.5515E-12
7 1.8355E-12
8 2.1149E-12
9 2.4045E-12
10 2.7045E-12
11 2.9832E-12
12 3.2539E-12
13 3.5751E-12
14 3.9332E-12
15 4.3881E-12
16 4.8352E-12
17 5.3015E-12
18 5.8801E-12
19 6.2860E-12
20 6.7555E-12
21 7.5897E-12
22 8.4519E-12
23 9.0957E-12
24 9.8902E-12
25 1.0653E-11
26 1.1148E-11
27 1.1788E-11
28 1.3310E-11
29 1.4444E-11
30 1.7785E-11
31 2.3126E-11
32 2.7623E-11
33 3.4489E-11
34 4.6415E-11
35 6.1294E-11
36 5.7060E-11
37 6.2640E-11
38 7.6412E-11
39 8.3383E-11
40 9.1828E-11
41 1.1187E-10
42 1.2619E-10
43 1.6336E-10
44 1.7722E-10
45 2.1511E-10
46 2.7300E-10
47 3.5440E-10
48 3.9540E-10
49 3.8643E-10
50 8.2923E-10
51 1.3985E-09
52 1.8068E-09
53 1.8403E-09
54 1.8306E-09
55 1.8926E-09
56 1.7504E-09
57 1.5733E-09
58 1.4039E-09
59 1.4053E-09
60 3.1280E-09
61 4.5953E-09
62 6.4127E-09
63 9.7856E-09
64 1.9334E-08
65 2.8111E-08
66 3.3988E-08
67 7.1708E-08
68 2.4645E-07
69 2.0124E-07
70 9.9477E-08
71 2.8027E-07
72 4.5797E-07
73 7.0886E-07
74 4.7077E-07
75 3.3763E-07
76 2.8250E-07
77 2.9054E-07
78 4.2605E-07
79 4.5488E-07
80 6.1945E-07
81 8.8461E-07
82 1.2239E-06
83 1.4221E-06
84 1.8063E-06
85 2.0387E-06
86 2.4058E-06
87 2.7847E-06
88 3.1535E-06
89 3.4720E-06
90 3.7200E-06
91 3.7386E-06
92 3.6116E-06
93 3.3910E-06
94 3.1825E-06
95 2.9485E-06
96 2.8124E-06
97 2.7435E-06
