 file 1=f19c4aqpgro_cam53_ys_intel.nc
 file 2=h0.nc
 CASE 1 : f1.9c4aqpP16T2_intel_2dctrl
 CASE 2 : cam5.0_port
#f1.9c4aqpP16T2_intel_2dctrl
#cam5.0_port
#T
1 3.8734E-14
2 7.9533E-14
3 1.0936E-13
4 8.9300E-14
5 8.3317E-14
6 9.3809E-14
7 1.0438E-13
8 1.0004E-13
9 1.2467E-13
10 1.2293E-13
11 1.2544E-13
12 1.3288E-13
13 1.3550E-13
14 1.6021E-13
15 1.6921E-13
16 1.7643E-13
17 1.9957E-13
18 2.2630E-13
19 2.5854E-13
20 3.0163E-13
21 4.0180E-13
22 4.7904E-13
23 5.5334E-13
24 6.8736E-13
25 8.8326E-13
26 1.2367E-12
27 1.3295E-12
28 1.7678E-12
29 2.4770E-12
30 3.8685E-12
31 6.5271E-12
32 6.3122E-12
33 8.7806E-12
34 1.2452E-11
35 2.4378E-11
36 1.9133E-11
37 2.1377E-11
38 2.6434E-11
39 3.0317E-11
40 2.6968E-11
41 3.7501E-11
42 4.2109E-11
43 5.8913E-11
44 6.9373E-11
45 9.5220E-11
46 1.2093E-10
47 1.5261E-10
48 1.6461E-10
49 1.6052E-10
50 2.0932E-10
51 2.0368E-10
52 2.5749E-10
53 2.7673E-10
54 3.3194E-10
55 5.0460E-10
56 4.2179E-10
57 3.5271E-10
58 2.7535E-10
59 2.9387E-10
60 3.0801E-10
61 4.1400E-10
62 6.4476E-10
63 8.6350E-10
64 1.1873E-09
65 1.4919E-09
66 1.9134E-09
67 2.2641E-09
68 2.3587E-09
69 2.0047E-09
70 1.9429E-09
71 2.1407E-09
72 2.1833E-09
73 2.2129E-09
74 2.0963E-09
75 2.1430E-09
76 6.8550E-08
77 3.0172E-08
78 2.5261E-08
79 2.9521E-08
80 3.3252E-08
81 4.1573E-08
82 5.2455E-08
83 5.7178E-08
84 8.1019E-08
85 1.9855E-07
86 2.1457E-07
87 1.0834E-07
88 2.4080E-07
89 3.0537E-07
90 3.6877E-07
91 4.2840E-07
92 4.7231E-07
93 5.1512E-07
94 5.2670E-07
95 1.0136E-06
96 8.3067E-07
97 8.6524E-07
