# f1.9c4aqpP16T2_intel_2dpert
# f1.9c4aqpP16T2_intel_2dctrl
# T
0 1.5169E-11
1 1.6790E-11
2 2.2683E-11
3 2.4004E-11
4 2.2733E-11
5 2.4835E-11
6 2.7226E-11
7 3.1596E-11
8 3.6295E-11
9 3.9181E-11
10 5.3902E-11
11 6.0782E-11
12 7.3787E-11
13 1.1266E-10
14 1.3194E-10
15 1.5444E-10
16 1.8889E-10
17 2.3246E-10
18 2.6820E-10
19 3.2677E-10
20 4.2675E-10
21 5.3030E-10
22 5.6491E-10
23 6.3808E-10
24 7.3411E-10
25 8.3170E-10
26 9.6987E-10
27 1.1372E-09
28 1.2241E-09
29 1.2459E-09
30 1.3788E-09
31 1.3657E-09
32 1.5852E-09
33 1.8988E-09
34 2.7320E-09
35 2.6079E-09
36 2.9526E-09
37 3.9861E-09
38 3.9999E-09
39 4.5152E-09
40 1.0281E-08
41 1.0659E-08
42 8.6265E-09
43 9.8383E-09
44 1.0533E-08
45 8.9694E-09
46 9.6822E-09
47 1.0352E-08
48 1.0806E-08
49 2.9831E-08
50 3.0031E-08
51 3.5450E-08
52 3.8843E-08
53 4.3190E-08
54 4.1153E-08
55 3.7144E-08
56 3.9048E-08
57 3.8155E-08
58 4.6310E-08
59 5.2690E-08
60 6.5025E-08
61 8.5786E-08
62 1.0753E-07
63 9.0349E-07
64 1.1031E-06
65 1.3733E-06
66 1.9079E-06
67 1.7930E-06
68 2.2631E-06
69 1.8211E-06
70 1.2042E-06
71 1.1778E-06
72 1.0805E-06
73 1.2265E-06
74 1.5979E-06
75 2.3450E-06
76 2.8555E-06
77 3.0204E-06
78 2.8122E-06
79 1.1088E-05
80 8.9283E-06
81 7.2776E-06
82 5.9859E-06
83 5.9079E-06
84 6.0331E-06
85 6.1496E-06
86 6.8689E-06
87 2.0822E-05
88 3.0297E-05
89 4.3230E-05
90 4.9220E-05
91 4.4509E-05
92 3.5970E-05
93 2.7898E-05
94 1.9709E-04
95 1.0180E-04
96 6.7655E-05
